#head - blue
bezier
150 400 75 408 90 500 160 490
bezier
150 400 210 401 218 482 160 490
bezier
108 470 143 474 150 447 150 430
bezier
170 430 165 447 176 476 192 470

change
clear

#crest thingy
change_color
100 200 255
line
135 465 0 150 460 0
line
150 460 0 160 472 0
line
160 472 0 167 462 0
line
167 462 0 182 470 0
change
clear


#top tongue
change_color
120 10 70
bezier
150 430 159 436 168 439 170 430
bezier
150 430 160 435 165 438 170 430
bezier
150 430 160 434 165 437 170 430
bezier
150 430 160 433 165 436 170 430
bezier
150 430 160 433 165 434 170 430
bezier
150 430 160 433 165 433 170 430
change
clear

#bottom tongue
change_color
230 80 140
bezier
150 430 160 433 165 433 170 430
bezier
150 430 159 432 168 432 170 430
bezier
150 430 159 431 166 431 170 430
bezier
150 430 159 430 168 429 170 430
bezier
150 430 159 428 168 427 170 430
bezier
150 430 159 427 168 426 170 430
bezier
150 430 159 426 168 425 170 430
bezier
150 430 159 425 168 425 170 430
bezier
150 430 159 424 168 424 170 430
bezier
150 430 159 423 168 423 170 430
bezier
150 430 159 422 168 422 170 430
bezier
150 430 159 421 168 421 170 430
bezier
150 430 159 420 168 420 170 430
bezier
150 430 159 419 168 420 170 430
bezier
150 430 159 418 168 420 170 430

change
clear

#top beak
change_color
255 255 0
bezier
150 430 159 449 166 448 170 430
bezier
150 430 159 448 166 447 170 430
bezier
150 430 159 446 166 446 170 430
bezier
150 430 159 445 166 445 170 430
bezier
150 430 159 443 166 444 170 430
bezier
150 430 159 441 166 443 170 430
bezier
150 430 159 439 166 442 170 430
bezier
150 430 159 438 166 441 170 430
bezier
150 430 159 437 168 440 170 430

#bottom beak
bezier
150 430 159 415 165 414 170 430
bezier
150 430 159 416 166 415 170 430
bezier
150 430 159 417 166 416 170 430
bezier
150 430 159 418 166 417 170 430
bezier
150 430 159 418 167 418 170 430
bezier
150 430 159 418 166 419 170 430
bezier
150 430 159 418 168 420 170 430

change

fill
160 450 255 255 255

display
save
piplup.png
